120 180
120 300
120 420
120 540

240 180
240 300
240 420
240 540

360 300
360 420

480 180
480 300
480 420
480 540

600 180

600 540

720 180
720 300
720 420
720 540

840 300
840 420

960 180
960 300
960 420
960 540

1080 180
1080 300
1080 420
1080 540

180 120
300 120
420 120
540 120
660 120
780 120
900 120
1020 120

300 240
420 240
540 240
660 240
780 240
900 240

180 360
300 360
420 360

780 360
900 360
1020 360


300 480
420 480
540 480
660 480
780 480
900 480

180 600
300 600
420 600
540 600
660 600
780 600
900 600
1020 600

240 60
600 60
960 60
<<<<<<< Updated upstream
1140 60
=======
>>>>>>> Stashed changes

240 660
600 660
960 660
<<<<<<< Updated upstream
60 660
=======
>>>>>>> Stashed changes

60 240
60 480
1140 240
1140 480