30 0
90 0
150 0
210 0
270 0
330 0
390 0
450 0
510 0
570 0
630 0
690 0
750 0
810 0
870 0
930 0
990 0
1050 0
1110 0
1170 0
1200 0
30 720
90 720
150 720
210 720
270 720
330 720
390 720
450 720
510 720
570 720
630 720
690 720
750 720
810 720
870 720
930 720
990 720
1050 720
1110 720
1170 720
1200 720
0 30
0 90
0 150
0 210
0 270
0 330
0 390
0 450
0 510
0 570
0 630
0 690
0 750
0 800
1200 30
1200 90
1200 150
1200 210
1200 270
1200 330
1200 390
1200 450
1200 510
1200 570
1200 630
1200 690
1200 750
1200 800

120 120
240 120
360 120
480 120
600 120
720 120
840 120
960 120
1080 120

120 240
120 360
120 480
120 600

240 240
240 360
240 480
240 600

360 240
360 360
360 480
360 600

480 240
480 360
480 480
480 600

600 240
600 360
600 480
600 600

720 240
720 360
720 480
720 600

840 240
840 360
840 480
840 600

960 240
960 360
960 480
960 600

1080 240
1080 360
1080 480
1080 600





